NodesNumber;Density;Time
200;0.25;2064
200;0.25;2047
200;0.25;2051
200;0.25;2079
200;0.25;2070
200;0.25;2105
200;0.25;2057
200;0.25;2037
200;0.25;2195
200;0.25;2048
200;0.25;2047
200;0.25;2064
200;0.25;2043
200;0.25;2117
200;0.25;2056
200;0.25;2082
200;0.25;2062
200;0.25;2045
200;0.25;2069
200;0.25;2097
200;0.25;2050
200;0.25;2044
200;0.25;2039
200;0.25;2138
200;0.25;2086
200;0.25;2085
200;0.25;2098
200;0.25;2079
200;0.25;2099
200;0.25;2037
200;0.25;2081
200;0.25;2085
200;0.25;2123
200;0.25;2127
200;0.25;2056
200;0.25;2070
200;0.25;2063
200;0.25;2194
200;0.25;7080
200;0.25;2063
200;0.25;2114
200;0.25;2127
200;0.25;2129
200;0.25;2082
200;0.25;2082
200;0.25;2034
200;0.25;2066
200;0.25;2054
200;0.25;2041
200;0.25;2068
200;0.5;4265
200;0.5;4225
200;0.5;4231
200;0.5;4277
200;0.5;4156
200;0.5;4153
200;0.5;4278
200;0.5;4275
200;0.5;4265
200;0.5;4195
200;0.5;4263
200;0.5;4247
200;0.5;4367
200;0.5;4272
200;0.5;4183
200;0.5;4268
200;0.5;4242
200;0.5;4314
200;0.5;4219
200;0.5;4222
200;0.5;4169
200;0.5;4314
200;0.5;4216
200;0.5;4244
200;0.5;4284
200;0.5;4278
200;0.5;10446
200;0.5;4257
200;0.5;4402
200;0.5;4317
200;0.5;4242
200;0.5;4218
200;0.5;4258
200;0.5;4214
200;0.5;4190
200;0.5;4209
200;0.5;4229
200;0.5;4239
200;0.5;4191
200;0.5;4224
200;0.5;4181
200;0.5;4244
200;0.5;4220
200;0.5;4291
200;0.5;4425
200;0.5;4279
200;0.5;4299
200;0.5;4264
200;0.5;4291
200;0.5;4274
200;0.75;6421
200;0.75;6311
200;0.75;6400
200;0.75;6424
200;0.75;6484
200;0.75;6412
200;0.75;6482
200;0.75;6471
200;0.75;6468
200;0.75;6429
200;0.75;6465
200;0.75;6465
200;0.75;6454
200;0.75;6418
200;0.75;6557
200;0.75;6507
200;0.75;6601
200;0.75;6472
200;0.75;6449
200;0.75;6414
200;0.75;6470
200;0.75;6418
200;0.75;6472
200;0.75;6322
200;0.75;6443
200;0.75;6268
200;0.75;6381
200;0.75;6347
200;0.75;6439
200;0.75;6400
200;0.75;6333
200;0.75;6465
200;0.75;6452
200;0.75;6460
200;0.75;6398
200;0.75;6511
200;0.75;6371
200;0.75;6458
200;0.75;6386
200;0.75;6512
200;0.75;6470
200;0.75;6534
200;0.75;6517
200;0.75;6517
200;0.75;6407
200;0.75;6541
200;0.75;6340
200;0.75;6382
200;0.75;6509
200;0.75;6436
200;0.99;8579
200;0.99;8791
200;0.99;8624
200;0.99;8705
200;0.99;8675
200;0.99;8755
200;0.99;8476
200;0.99;8575
200;0.99;8616
200;0.99;8403
200;0.99;8718
200;0.99;8599
200;0.99;8576
200;0.99;8640
200;0.99;8739
200;0.99;8584
200;0.99;8592
200;0.99;8522
200;0.99;8594
200;0.99;8405
200;0.99;8751
200;0.99;8752
200;0.99;8530
200;0.99;8775
200;0.99;8525
200;0.99;8666
200;0.99;10103
200;0.99;8556
200;0.99;8764
200;0.99;8579
200;0.99;8804
200;0.99;8604
200;0.99;8501
200;0.99;8792
200;0.99;8469
200;0.99;8626
200;0.99;8540
200;0.99;8551
200;0.99;8728
200;0.99;8640
200;0.99;8556
200;0.99;8469
200;0.99;8626
200;0.99;8711
200;0.99;8592
200;0.99;8480
200;0.99;8917
200;0.99;8619
200;0.99;8638
200;0.99;8631
400;0.25;11471
400;0.25;11287
400;0.25;11290
400;0.25;11296
400;0.25;11268
400;0.25;11371
400;0.25;11764
400;0.25;11231
400;0.25;11359
400;0.25;11342
400;0.25;11408
400;0.25;11354
400;0.25;11057
400;0.25;11184
400;0.25;11350
400;0.25;11347
400;0.25;11529
400;0.25;11219
400;0.25;11470
400;0.25;11305
400;0.25;11099
400;0.25;11001
400;0.25;11419
400;0.25;11500
400;0.25;11913
400;0.25;11282
400;0.25;11061
400;0.25;11153
400;0.25;11096
400;0.25;11029
400;0.25;11317
400;0.25;11181
400;0.25;11375
400;0.25;11182
400;0.25;11367
400;0.25;11398
400;0.25;11514
400;0.25;11405
400;0.25;11340
400;0.25;11181
400;0.25;11211
400;0.25;11445
400;0.25;11262
400;0.25;11138
400;0.25;11496
400;0.25;11553
400;0.25;11312
400;0.25;11339
400;0.25;11377
400;0.25;11668
400;0.5;22951
400;0.5;23151
400;0.5;23705
400;0.5;22796
400;0.5;22932
400;0.5;22904
400;0.5;23616
400;0.5;22763
400;0.5;23043
400;0.5;23139
400;0.5;23187
400;0.5;23199
400;0.5;22649
400;0.5;23408
400;0.5;22786
400;0.5;22936
400;0.5;22710
400;0.5;23066
400;0.5;23220
400;0.5;22818
400;0.5;23133
400;0.5;23404
400;0.5;23115
400;0.5;22896
400;0.5;22584
400;0.5;23093
400;0.5;23000
400;0.5;23080
400;0.5;23060
400;0.5;22828
400;0.5;23074
400;0.5;22855
400;0.5;22987
400;0.5;23469
400;0.5;22934
400;0.5;22839
400;0.5;23639
400;0.5;23067
400;0.5;23688
400;0.5;22906
400;0.5;22965
400;0.5;23214
400;0.5;23310
400;0.5;23431
400;0.5;22980
400;0.5;22860
400;0.5;23144
400;0.5;22870
400;0.5;22796
400;0.5;23142
400;0.75;35136
400;0.75;34729
400;0.75;35161
400;0.75;35039
400;0.75;39735
400;0.75;34549
400;0.75;34633
400;0.75;34836
400;0.75;35032
400;0.75;36135
400;0.75;34790
400;0.75;35170
400;0.75;34827
400;0.75;34815
400;0.75;34699
400;0.75;34584
400;0.75;34761
400;0.75;35130
400;0.75;34979
400;0.75;35054
400;0.75;34850
400;0.75;35563
400;0.75;34850
400;0.75;34809
400;0.75;35226
400;0.75;35447
400;0.75;34848
400;0.75;35360
400;0.75;35202
400;0.75;35330
400;0.75;34807
400;0.75;35483
400;0.75;34667
400;0.75;34573
400;0.75;35244
400;0.75;35299
400;0.75;34637
400;0.75;35170
400;0.75;34882
400;0.75;34597
400;0.75;34691
400;0.75;35118
400;0.75;34777
400;0.75;35162
400;0.75;35114
400;0.75;35174
400;0.75;34597
400;0.75;34936
400;0.75;35108
400;0.75;34798
400;0.99;45491
400;0.99;46115
400;0.99;46223
400;0.99;46728
400;0.99;45587
400;0.99;46498
400;0.99;45449
400;0.99;46810
400;0.99;46766
400;0.99;46430
400;0.99;46616
400;0.99;46427
400;0.99;45294
400;0.99;46568
400;0.99;45696
400;0.99;45835
400;0.99;46110
400;0.99;46366
400;0.99;46239
400;0.99;46307
400;0.99;46774
400;0.99;45780
400;0.99;46502
400;0.99;46400
400;0.99;46011
400;0.99;46591
400;0.99;46320
400;0.99;46432
400;0.99;45973
400;0.99;47187
400;0.99;46521
400;0.99;46805
400;0.99;46733
400;0.99;46362
400;0.99;46134
400;0.99;46898
400;0.99;45827
400;0.99;46599
400;0.99;46520
400;0.99;45951
400;0.99;46137
400;0.99;46470
400;0.99;45851
400;0.99;45457
400;0.99;44965
400;0.99;45834
400;0.99;45523
400;0.99;45957
400;0.99;45443
400;0.99;46906
600;0.25;31707
600;0.25;31199
600;0.25;31140
600;0.25;31552
600;0.25;31404
600;0.25;32186
600;0.25;31489
600;0.25;32297
600;0.25;31883
600;0.25;31873
600;0.25;32086
600;0.25;31644
600;0.25;32236
600;0.25;32248
600;0.25;32013
600;0.25;31741
600;0.25;31978
600;0.25;31566
600;0.25;32012
600;0.25;32121
600;0.25;31904
600;0.25;32377
600;0.25;31677
600;0.25;32126
600;0.25;32363
600;0.25;31266
600;0.25;31627
600;0.25;32166
600;0.25;32258
600;0.25;31953
600;0.25;32213
600;0.25;31821
600;0.25;31867
600;0.25;31880
600;0.25;31936
600;0.25;32463
600;0.25;31823
600;0.25;32177
600;0.25;32124
600;0.25;32322
600;0.25;32237
600;0.25;31699
600;0.25;31674
600;0.25;32102
600;0.25;32489
600;0.25;31917
600;0.25;31623
600;0.25;31840
600;0.25;32262
600;0.25;31717
600;0.5;64975
600;0.5;64635
600;0.5;64431
600;0.5;64509
600;0.5;64102
600;0.5;64358
600;0.5;63850
600;0.5;64393
600;0.5;64942
600;0.5;64489
600;0.5;64041
600;0.5;64901
600;0.5;64466
600;0.5;64605
600;0.5;65975
600;0.5;63171
600;0.5;64824
600;0.5;64646
600;0.5;64605
600;0.5;65063
600;0.5;64300
600;0.5;65290
600;0.5;64596
600;0.5;63033
600;0.5;64013
600;0.5;64544
600;0.5;64028
600;0.5;64871
600;0.5;64225
600;0.5;63513
600;0.5;64468
600;0.5;63739
600;0.5;64968
600;0.5;63889
600;0.5;64195
600;0.5;63599
600;0.5;64264
600;0.5;64308
600;0.5;64340
600;0.5;64173
600;0.5;65197
600;0.5;63910
600;0.5;63725
600;0.5;64488
600;0.5;64569
600;0.5;64123
600;0.5;63465
600;0.5;64011
600;0.5;64242
600;0.5;64027
600;0.75;96310
600;0.75;96596
600;0.75;96188
600;0.75;96083
600;0.75;95932
600;0.75;96740
600;0.75;95731
600;0.75;96435
600;0.75;96363
600;0.75;96241
600;0.75;97094
600;0.75;97924
600;0.75;97413
600;0.75;97110
600;0.75;97724
600;0.75;95200
600;0.75;97032
600;0.75;99309
600;0.75;95832
600;0.75;95921
600;0.75;96610
600;0.75;97084
600;0.75;96743
600;0.75;96373
600;0.75;96610
600;0.75;96453
600;0.75;96861
600;0.75;97153
600;0.75;95979
600;0.75;96258
600;0.75;96272
600;0.75;102957
600;0.75;96182
600;0.75;96308
600;0.75;96547
600;0.75;95715
600;0.75;96373
600;0.75;96250
600;0.75;96305
600;0.75;96711
600;0.75;96893
600;0.75;96416
600;0.75;97535
600;0.75;96236
600;0.75;96530
600;0.75;96551
600;0.75;97499
600;0.75;96502
600;0.75;96211
600;0.75;96638
600;0.99;129712
600;0.99;129841
600;0.99;130215
600;0.99;130231
600;0.99;128717
600;0.99;130329
600;0.99;128891
600;0.99;128574
600;0.99;129644
600;0.99;129955
600;0.99;129852
600;0.99;129854
600;0.99;130287
600;0.99;129540
600;0.99;128992
600;0.99;128925
600;0.99;130348
600;0.99;129568
600;0.99;129963
600;0.99;129681
600;0.99;129363
600;0.99;130663
600;0.99;129690
600;0.99;128768
600;0.99;128862
600;0.99;130086
600;0.99;129326
600;0.99;130431
600;0.99;129675
600;0.99;129617
600;0.99;129475
600;0.99;128974
600;0.99;129223
600;0.99;130137
600;0.99;130185
600;0.99;129575
600;0.99;130277
600;0.99;129075
600;0.99;129218
600;0.99;129348
600;0.99;128624
600;0.99;129253
600;0.99;130844
600;0.99;129160
600;0.99;129482
600;0.99;128858
600;0.99;132207
600;0.99;127803
600;0.99;129690
600;0.99;128973
800;0.25;66687
800;0.25;66037
800;0.25;67484
800;0.25;66019
800;0.25;66836
800;0.25;66395
800;0.25;66354
800;0.25;66733
800;0.25;66476
800;0.25;65718
800;0.25;66366
800;0.25;66540
800;0.25;66079
800;0.25;66012
800;0.25;66565
800;0.25;65457
800;0.25;67172
800;0.25;65963
800;0.25;66046
800;0.25;66052
800;0.25;67269
800;0.25;66150
800;0.25;66678
800;0.25;66698
800;0.25;66099
800;0.25;65980
800;0.25;66729
800;0.25;66048
800;0.25;66208
800;0.25;66535
800;0.25;66070
800;0.25;66662
800;0.25;66460
800;0.25;66097
800;0.25;65751
800;0.25;66111
800;0.25;66169
800;0.25;66772
800;0.25;66593
800;0.25;65802
800;0.25;66218
800;0.25;66815
800;0.25;66605
800;0.25;67072
800;0.25;67164
800;0.25;66114
800;0.25;67262
800;0.25;66962
800;0.25;66711
800;0.25;66380
800;0.5;134694
800;0.5;133286
800;0.5;134194
800;0.5;134091
800;0.5;133276
800;0.5;134287
800;0.5;134160
800;0.5;134202
800;0.5;133658
800;0.5;133879
800;0.5;133709
800;0.5;134461
800;0.5;134290
800;0.5;132776
800;0.5;134575
800;0.5;134099
800;0.5;133383
800;0.5;134287
800;0.5;133929
800;0.5;134132
800;0.5;133799
800;0.5;133911
800;0.5;134352
800;0.5;134677
800;0.5;135022
800;0.5;134397
800;0.5;133885
800;0.5;134652
800;0.5;133344
800;0.5;133942
800;0.5;132858
800;0.5;133735
800;0.5;134652
800;0.5;134469
800;0.5;133544
800;0.5;132997
800;0.5;132814
800;0.5;133673
800;0.5;133649
800;0.5;134423
800;0.5;133166
800;0.5;133966
800;0.5;132825
800;0.5;132147
800;0.5;134080
800;0.5;133759
800;0.5;141406
800;0.5;133183
800;0.5;134512
800;0.5;133798
800;0.75;203205
800;0.75;203108
800;0.75;204400
800;0.75;205969
800;0.75;201937
800;0.75;202743
800;0.75;199686
800;0.75;201790
800;0.75;203544
800;0.75;202163
800;0.75;201626
800;0.75;200793
800;0.75;200990
800;0.75;200157
800;0.75;201517
800;0.75;201728
800;0.75;204975
800;0.75;203360
800;0.75;201392
800;0.75;204138
800;0.75;201847
800;0.75;201934
800;0.75;201273
800;0.75;200873
800;0.75;200781
800;0.75;204146
800;0.75;203527
800;0.75;203481
800;0.75;201112
800;0.75;201598
800;0.75;203326
800;0.75;202811
800;0.75;201300
800;0.75;202166
800;0.75;202369
800;0.75;204648
800;0.75;204799
800;0.75;201910
800;0.75;202987
800;0.75;202437
800;0.75;200862
800;0.75;205156
800;0.75;202713
800;0.75;202112
800;0.75;203072
800;0.75;200438
800;0.75;201765
800;0.75;203491
800;0.75;206781
800;0.75;204548
800;0.99;267952
800;0.99;266069
800;0.99;268142
800;0.99;268407
800;0.99;267380
800;0.99;266567
800;0.99;267640
800;0.99;267135
800;0.99;267590
800;0.99;266721
800;0.99;266800
800;0.99;267633
800;0.99;266752
800;0.99;265269
800;0.99;266112
800;0.99;267770
800;0.99;267323
800;0.99;267883
800;0.99;266725
800;0.99;266576
800;0.99;267940
800;0.99;264144
800;0.99;267774
800;0.99;267582
800;0.99;267234
800;0.99;267017
800;0.99;268358
800;0.99;265831
800;0.99;268747
800;0.99;267280
800;0.99;267699
800;0.99;266726
800;0.99;265711
800;0.99;267788
800;0.99;265875
800;0.99;267399
800;0.99;267042
800;0.99;267488
800;0.99;266146
800;0.99;266829
800;0.99;264867
800;0.99;265787
800;0.99;265480
800;0.99;266110
800;0.99;266519
800;0.99;265406
800;0.99;264741
800;0.99;266357
800;0.99;267688
800;0.99;265329
1000;0.25;120135
1000;0.25;119323
1000;0.25;119089
1000;0.25;120755
1000;0.25;119903
1000;0.25;120116
1000;0.25;119823
1000;0.25;119267
1000;0.25;119901
1000;0.25;119548
1000;0.25;120473
1000;0.25;118961
1000;0.25;121402
1000;0.25;120665
1000;0.25;119755
1000;0.25;119513
1000;0.25;120077
1000;0.25;120531
1000;0.25;119604
1000;0.25;118707
1000;0.25;119706
1000;0.25;120872
1000;0.25;120321
1000;0.25;120260
1000;0.25;119888
1000;0.25;119664
1000;0.25;119932
1000;0.25;119470
1000;0.25;120018
1000;0.25;120404
1000;0.25;119942
1000;0.25;120038
1000;0.25;120280
1000;0.25;120337
1000;0.25;120409
1000;0.25;120025
1000;0.25;124168
1000;0.25;119276
1000;0.25;121116
1000;0.25;120037
1000;0.25;120600
1000;0.25;120059
1000;0.25;120278
1000;0.25;120326
1000;0.25;119842
1000;0.25;119883
1000;0.25;120538
1000;0.25;130762
1000;0.25;120480
1000;0.25;119925
1000;0.5;241679
1000;0.5;240161
1000;0.5;240999
1000;0.5;241002
1000;0.5;249024
1000;0.5;241607
1000;0.5;241073
1000;0.5;241720
1000;0.5;240447
1000;0.5;240166
1000;0.5;238410
1000;0.5;240892
1000;0.5;239954
1000;0.5;240243
1000;0.5;239702
1000;0.5;240870
1000;0.5;239319
1000;0.5;240286
1000;0.5;240838
1000;0.5;239600
1000;0.5;240643
1000;0.5;240198
1000;0.5;240628
1000;0.5;240871
1000;0.5;237547
1000;0.5;239140
1000;0.5;240271
1000;0.5;239138
1000;0.5;239265
1000;0.5;240063
1000;0.5;240344
1000;0.5;239424
1000;0.5;240265
1000;0.5;238603
1000;0.5;243064
1000;0.5;241584
1000;0.5;240242
1000;0.5;240810
1000;0.5;239029
1000;0.5;243358
1000;0.5;240153
1000;0.5;240206
1000;0.5;240610
1000;0.5;240822
1000;0.5;241074
1000;0.5;241405
1000;0.5;241689
1000;0.5;240762
1000;0.5;239959
1000;0.5;240108
1000;0.75;364740
1000;0.75;364336
1000;0.75;362463
1000;0.75;364547
1000;0.75;362733
1000;0.75;362909
1000;0.75;367219
1000;0.75;365610
1000;0.75;366272
1000;0.75;365288
1000;0.75;366120
1000;0.75;366697
1000;0.75;364247
1000;0.75;367437
1000;0.75;365853
1000;0.75;365649
1000;0.75;366674
1000;0.75;364529
1000;0.75;365901
1000;0.75;364184
1000;0.75;366045
1000;0.75;366433
1000;0.75;365493
1000;0.75;369069
1000;0.75;364298
1000;0.75;365205
1000;0.75;362679
1000;0.75;363713
1000;0.75;366453
1000;0.75;366012
1000;0.75;364852
1000;0.75;364568
1000;0.75;363253
1000;0.75;363743
1000;0.75;365736
1000;0.75;367018
1000;0.75;364711
1000;0.75;364972
1000;0.75;364749
1000;0.75;365195
1000;0.75;365245
1000;0.75;366442
1000;0.75;364574
1000;0.75;365597
1000;0.75;371948
1000;0.75;364049
1000;0.75;363640
1000;0.75;363247
1000;0.75;363108
1000;0.75;364112
1000;0.99;483113
1000;0.99;482074
1000;0.99;481357
1000;0.99;480367
1000;0.99;480815
1000;0.99;480401
1000;0.99;479189
1000;0.99;480832
1000;0.99;479259
1000;0.99;480535
1000;0.99;479756
1000;0.99;484378
1000;0.99;478719
1000;0.99;479017
1000;0.99;479155
1000;0.99;479653
1000;0.99;478412
1000;0.99;482887
1000;0.99;481621
1000;0.99;480277
1000;0.99;479517
1000;0.99;478661
1000;0.99;481771
1000;0.99;478570
1000;0.99;480665
1000;0.99;477787
1000;0.99;479840
1000;0.99;481490
1000;0.99;478348
1000;0.99;480125
1000;0.99;479316
1000;0.99;478100
1000;0.99;479498
1000;0.99;478086
1000;0.99;481874
1000;0.99;480836
1000;0.99;480043
1000;0.99;476578
1000;0.99;481743
1000;0.99;479920
1000;0.99;480516
1000;0.99;480126
1000;0.99;479836
1000;0.99;480150
1000;0.99;479860
1000;0.99;481747
1000;0.99;481339
1000;0.99;476962
1000;0.99;479028
1000;0.99;479177
1200;0.25;195429
1200;0.25;194683
1200;0.25;194379
1200;0.25;194399
1200;0.25;194095
1200;0.25;195803
1200;0.25;198796
1200;0.25;194955
1200;0.25;194568
1200;0.25;196162
1200;0.25;194530
1200;0.25;195243
1200;0.25;195116
1200;0.25;194585
1200;0.25;194731
1200;0.25;196716
1200;0.25;195194
1200;0.25;194391
1200;0.25;195903
1200;0.25;194957
1200;0.25;194513
1200;0.25;195384
1200;0.25;195531
1200;0.25;194728
1200;0.25;194832
1200;0.25;196432
1200;0.25;195564
1200;0.25;195308
1200;0.25;194744
1200;0.25;194328
1200;0.25;195710
1200;0.25;196159
1200;0.25;195211
1200;0.25;195316
1200;0.25;195597
1200;0.25;201282
1200;0.25;195895
1200;0.25;193429
1200;0.25;194876
1200;0.25;194205
1200;0.25;195922
1200;0.25;194944
1200;0.25;193843
1200;0.25;195078
1200;0.25;195825
1200;0.25;195212
1200;0.25;194964
1200;0.25;195293
1200;0.25;195116
1200;0.25;195540
1200;0.5;392437
1200;0.5;390698
1200;0.5;391425
1200;0.5;393096
1200;0.5;392174
1200;0.5;393710
1200;0.5;393036
1200;0.5;393415
1200;0.5;392698
1200;0.5;394563
1200;0.5;393226
1200;0.5;391638
1200;0.5;394483
1200;0.5;394528
1200;0.5;393511
1200;0.5;392993
1200;0.5;394276
1200;0.5;394660
1200;0.5;392664
1200;0.5;391742
1200;0.5;393935
1200;0.5;392582
1200;0.5;392854
1200;0.5;393912
1200;0.5;392980
1200;0.5;392629
1200;0.5;392183
1200;0.5;393936
1200;0.5;392151
1200;0.5;392963
1200;0.5;392741
1200;0.5;392734
1200;0.5;394088
1200;0.5;394589
1200;0.5;393190
1200;0.5;392739
1200;0.5;392055
1200;0.5;393628
1200;0.5;392082
1200;0.5;392828
1200;0.5;393426
1200;0.5;392081
1200;0.5;392941
1200;0.5;392605
1200;0.5;394894
1200;0.5;394899
1200;0.5;393614
1200;0.5;393301
1200;0.5;392421
1200;0.5;395064
1200;0.75;588531
1200;0.75;587710
1200;0.75;589984
1200;0.75;591297
1200;0.75;589457
1200;0.75;585799
1200;0.75;585083
1200;0.75;588154
1200;0.75;588509
1200;0.75;587893
1200;0.75;589593
1200;0.75;590056
1200;0.75;585212
1200;0.75;589724
1200;0.75;587000
1200;0.75;587909
1200;0.75;588087
1200;0.75;589122
1200;0.75;585425
1200;0.75;585234
1200;0.75;586832
1200;0.75;588819
1200;0.75;588040
1200;0.75;589937
1200;0.75;589338
1200;0.75;589420
1200;0.75;590293
1200;0.75;590750
1200;0.75;591609
1200;0.75;588630
1200;0.75;589010
1200;0.75;588032
1200;0.75;584556
1200;0.75;587721
1200;0.75;589729
1200;0.75;587594
1200;0.75;587251
1200;0.75;588007
1200;0.75;585606
1200;0.75;587274
1200;0.75;589642
1200;0.75;596454
1200;0.75;589665
1200;0.75;587736
1200;0.75;585674
1200;0.75;586404
1200;0.75;588376
1200;0.75;587575
1200;0.75;587126
1200;0.75;589382
1200;0.99;781386
1200;0.99;781706
1200;0.99;783122
1200;0.99;780989
1200;0.99;781768
1200;0.99;781618
1200;0.99;782938
1200;0.99;783151
1200;0.99;783197
1200;0.99;781906
1200;0.99;783041
1200;0.99;783267
1200;0.99;783469
1200;0.99;783854
1200;0.99;783044
1200;0.99;779263
1200;0.99;779556
1200;0.99;783255
1200;0.99;781405
1200;0.99;783822
1200;0.99;780334
1200;0.99;784418
1200;0.99;788390
1200;0.99;785534
1200;0.99;784849
1200;0.99;783442
1200;0.99;779598
1200;0.99;785455
1200;0.99;785375
1200;0.99;783306
1200;0.99;785491
1200;0.99;781872
1200;0.99;784253
1200;0.99;780867
1200;0.99;778890
1200;0.99;779265
1200;0.99;777283
1200;0.99;783895
1200;0.99;788895
1200;0.99;784573
1200;0.99;780630
1200;0.99;781317
1200;0.99;784213
1200;0.99;783060
1200;0.99;779405
1200;0.99;778551
1200;0.99;779483
1200;0.99;781230
1200;0.99;781990
1200;0.99;781886
1400;0.25;296314
1400;0.25;293760
1400;0.25;294191
1400;0.25;295894
1400;0.25;295575
1400;0.25;294998
1400;0.25;294884
1400;0.25;296415
1400;0.25;293252
1400;0.25;296205
1400;0.25;295548
1400;0.25;295096
1400;0.25;293129
1400;0.25;293906
1400;0.25;293889
1400;0.25;293430
1400;0.25;294696
1400;0.25;294244
1400;0.25;294663
1400;0.25;294437
1400;0.25;292334
1400;0.25;296450
1400;0.25;293447
1400;0.25;295773
1400;0.25;296141
1400;0.25;294622
1400;0.25;293559
1400;0.25;293701
1400;0.25;295104
1400;0.25;295406
1400;0.25;294892
1400;0.25;296176
1400;0.25;295414
1400;0.25;296589
1400;0.25;297089
1400;0.25;296192
1400;0.25;294892
1400;0.25;296735
1400;0.25;296327
1400;0.25;295423
1400;0.25;295423
1400;0.25;295402
1400;0.25;295776
1400;0.25;293331
1400;0.25;294854
1400;0.25;296601
1400;0.25;296374
1400;0.25;294123
1400;0.25;294728
1400;0.25;295037
1400;0.5;594050
1400;0.5;593779
1400;0.5;592230
1400;0.5;592333
1400;0.5;591946
1400;0.5;594846
1400;0.5;594045
1400;0.5;596880
1400;0.5;592234
1400;0.5;593119
1400;0.5;592061
1400;0.5;590406
1400;0.5;590738
1400;0.5;592038
1400;0.5;598217
1400;0.5;593982
1400;0.5;593317
1400;0.5;592961
1400;0.5;593246
1400;0.5;594136
1400;0.5;593886
1400;0.5;593430
1400;0.5;598109
1400;0.5;591100
1400;0.5;593251
1400;0.5;593616
1400;0.5;594086
1400;0.5;592576
1400;0.5;590496
1400;0.5;594922
1400;0.5;594835
1400;0.5;594365
1400;0.5;593416
1400;0.5;594133
1400;0.5;592074
1400;0.5;592426
1400;0.5;589387
1400;0.5;591667
1400;0.5;593520
1400;0.5;594328
1400;0.5;595964
1400;0.5;594126
1400;0.5;594025
1400;0.5;593392
1400;0.5;593518
1400;0.5;594147
1400;0.5;595371
1400;0.5;593127
1400;0.5;594271
1400;0.5;594063
1400;0.75;894361
1400;0.75;896399
1400;0.75;896609
1400;0.75;892334
1400;0.75;893515
1400;0.75;894960
1400;0.75;895452
1400;0.75;890840
1400;0.75;896849
1400;0.75;893533
1400;0.75;896282
1400;0.75;900355
1400;0.75;895446
1400;0.75;897707
1400;0.75;894223
1400;0.75;889282
1400;0.75;895089
1400;0.75;896821
1400;0.75;892672
1400;0.75;896489
1400;0.75;895927
1400;0.75;899951
1400;0.75;898511
1400;0.75;893181
1400;0.75;890082
1400;0.75;899264
1400;0.75;897262
1400;0.75;899502
1400;0.75;896347
1400;0.75;909338
1400;0.75;896315
1400;0.75;896421
1400;0.75;898539
1400;0.75;897063
1400;0.75;920342
1400;0.75;894423
1400;0.75;894543
1400;0.75;896344
1400;0.75;895707
1400;0.75;893346
1400;0.75;894310
1400;0.75;895513
1400;0.75;898887
1400;0.75;896401
1400;0.75;894436
1400;0.75;894211
1400;0.75;896784
1400;0.75;896960
1400;0.75;895358
1400;0.75;895905
1400;0.99;1188645
1400;0.99;1187139
1400;0.99;1186542
1400;0.99;1186725
1400;0.99;1181467
1400;0.99;1189613
1400;0.99;1189317
1400;0.99;1190036
1400;0.99;1195356
1400;0.99;1190487
1400;0.99;1196336
1400;0.99;1185840
1400;0.99;1190653
1400;0.99;1182983
1400;0.99;1186234
1400;0.99;1190512
1400;0.99;1182622
1400;0.99;1181110
1400;0.99;1189143
1400;0.99;1189479
1400;0.99;1190132
1400;0.99;1188740
1400;0.99;1187683
1400;0.99;1182666
1400;0.99;1188525
1400;0.99;1184684
1400;0.99;1182182
1400;0.99;1184101
1400;0.99;1193557
1400;0.99;1184174
1400;0.99;1187356
1400;0.99;1188924
1400;0.99;1191706
1400;0.99;1187607
1400;0.99;1193274
1400;0.99;1184520
1400;0.99;1186680
1400;0.99;1183883
1400;0.99;1185889
1400;0.99;1189847
1400;0.99;1185276
1400;0.99;1181542
1400;0.99;1189832
1400;0.99;1186566
1400;0.99;1191368
1400;0.99;1188845
1400;0.99;1192993
1400;0.99;1187942
1400;0.99;1184879
1400;0.99;1185933
1600;0.25;425498
1600;0.25;422983
1600;0.25;423080
1600;0.25;421637
1600;0.25;424827
1600;0.25;428020
1600;0.25;421732
1600;0.25;421996
1600;0.25;426491
1600;0.25;420535
1600;0.25;421289
1600;0.25;421960
1600;0.25;421450
1600;0.25;422979
1600;0.25;423977
1600;0.25;422890
1600;0.25;424957
1600;0.25;422531
1600;0.25;423714
1600;0.25;422458
1600;0.25;422346
1600;0.25;423207
1600;0.25;424473
1600;0.25;424283
1600;0.25;421672
1600;0.25;420965
1600;0.25;420522
1600;0.25;423018
1600;0.25;421283
1600;0.25;423172
1600;0.25;422430
1600;0.25;420825
1600;0.25;422651
1600;0.25;422648
1600;0.25;423527
1600;0.25;423011
1600;0.25;424289
1600;0.25;422540
1600;0.25;423022
1600;0.25;422699
1600;0.25;424813
1600;0.25;421776
1600;0.25;421502
1600;0.25;421332
1600;0.25;422062
1600;0.25;423443
1600;0.25;425088
1600;0.25;423570
1600;0.25;422952
1600;0.25;423107
1600;0.5;850034
1600;0.5;850652
1600;0.5;850785
1600;0.5;849669
1600;0.5;848822
1600;0.5;848748
1600;0.5;848011
1600;0.5;847008
1600;0.5;848096
1600;0.5;850021
1600;0.5;849452
1600;0.5;850804
1600;0.5;852429
1600;0.5;850421
1600;0.5;848038
1600;0.5;850847
1600;0.5;849291
1600;0.5;852639
1600;0.5;850840
1600;0.5;851616
1600;0.5;850650
1600;0.5;849387
1600;0.5;849722
1600;0.5;849661
1600;0.5;845645
1600;0.5;849083
1600;0.5;850377
1600;0.5;851783
1600;0.5;850106
1600;0.5;849003
1600;0.5;846694
1600;0.5;851280
1600;0.5;853486
1600;0.5;855994
1600;0.5;850750
1600;0.5;850669
1600;0.5;850275
1600;0.5;856465
1600;0.5;850675
1600;0.5;848596
1600;0.5;848606
1600;0.5;849081
1600;0.5;850413
1600;0.5;849698
1600;0.5;847035
1600;0.5;850462
1600;0.5;847603
1600;0.5;848493
1600;0.5;852740
1600;0.5;851676
1600;0.75;1287468
1600;0.75;1285143
1600;0.75;1293942
1600;0.75;1279176
1600;0.75;1283879
1600;0.75;1281048
1600;0.75;1291421
1600;0.75;1297406
1600;0.75;1283199
1600;0.75;1291648
1600;0.75;1289987
1600;0.75;1291817
1600;0.75;1287686
1600;0.75;1286851
1600;0.75;1285030
1600;0.75;1283802
1600;0.75;1286512
1600;0.75;1282073
1600;0.75;1282586
1600;0.75;1282220
1600;0.75;1287256
1600;0.75;1286846
1600;0.75;1285674
1600;0.75;1286966
1600;0.75;1286591
1600;0.75;1286328
1600;0.75;1284323
1600;0.75;1286902
1600;0.75;1284943
1600;0.75;1285367
1600;0.75;1287047
1600;0.75;1291511
1600;0.75;1289285
1600;0.75;1289222
1600;0.75;1284593
1600;0.75;1290884
1600;0.75;1284518
1600;0.75;1284541
1600;0.75;1284165
1600;0.75;1286768
1600;0.75;1282292
1600;0.75;1280396
1600;0.75;1289057
1600;0.75;1291571
1600;0.75;1301937
1600;0.75;1286557
1600;0.75;1287353
1600;0.75;1284812
1600;0.75;1282095
1600;0.75;1287105
1600;0.99;1708090
1600;0.99;1708574
1600;0.99;1721650
1600;0.99;1716674
1600;0.99;1713613
1600;0.99;1720384
1600;0.99;1707165
1600;0.99;1711265
1600;0.99;1704195
1600;0.99;1712195
1600;0.99;1714646
1600;0.99;1712429
1600;0.99;1715847
1600;0.99;1708323
1600;0.99;1713750
1600;0.99;1706944
1600;0.99;1719075
1600;0.99;1701537
1600;0.99;1716998
1600;0.99;1721907
1600;0.99;1716817
1600;0.99;1713144
1600;0.99;1712868
1600;0.99;1706600
1600;0.99;1708290
1600;0.99;1706744
1600;0.99;1712903
1600;0.99;1712558
1600;0.99;1714429
1600;0.99;1710636
1600;0.99;1709724
1600;0.99;1711642
1600;0.99;1719546
1600;0.99;1713726
1600;0.99;1720018
1600;0.99;1713352
1600;0.99;1705955
1600;0.99;1715229
1600;0.99;1718399
1600;0.99;1711743
1600;0.99;1715368
1600;0.99;1714507
1600;0.99;1699391
1600;0.99;1712925
1600;0.99;1706887
1600;0.99;1725832
1600;0.99;1707090
1600;0.99;1709540
1600;0.99;1710970
1600;0.99;1713268
