NodesNumber;Density;Time
200;0.25;5807
200;0.25;5926
200;0.25;5904
200;0.25;6097
200;0.25;5912
200;0.25;5786
200;0.25;5812
200;0.25;5842
200;0.25;5804
200;0.25;5829
200;0.25;5933
200;0.25;5892
200;0.25;5752
200;0.25;5866
200;0.25;6207
200;0.25;6052
200;0.25;5767
200;0.25;5748
200;0.25;5779
200;0.25;5766
200;0.25;6103
200;0.25;6410
200;0.25;5975
200;0.25;5851
200;0.25;5936
200;0.25;5962
200;0.25;5827
200;0.25;5891
200;0.25;5807
200;0.25;6379
200;0.25;6064
200;0.25;5900
200;0.25;6273
200;0.25;5733
200;0.25;6246
200;0.25;5976
200;0.25;5817
200;0.25;6055
200;0.25;6256
200;0.25;6564
200;0.25;5714
200;0.25;5840
200;0.25;5848
200;0.25;5793
200;0.25;6188
200;0.25;5853
200;0.25;6150
200;0.25;5647
200;0.25;6106
200;0.25;6158
200;0.5;14740
200;0.5;14565
200;0.5;14319
200;0.5;14687
200;0.5;14696
200;0.5;14432
200;0.5;14404
200;0.5;14541
200;0.5;13963
200;0.5;14474
200;0.5;14347
200;0.5;14612
200;0.5;14110
200;0.5;14423
200;0.5;14516
200;0.5;14668
200;0.5;14494
200;0.5;14221
200;0.5;14333
200;0.5;14886
200;0.5;14435
200;0.5;14556
200;0.5;14215
200;0.5;14589
200;0.5;14502
200;0.5;14403
200;0.5;14500
200;0.5;14326
200;0.5;14174
200;0.5;14970
200;0.5;14487
200;0.5;14444
200;0.5;14508
200;0.5;14344
200;0.5;14915
200;0.5;14400
200;0.5;14512
200;0.5;14389
200;0.5;14516
200;0.5;14410
200;0.5;14829
200;0.5;14112
200;0.5;14765
200;0.5;14522
200;0.5;18843
200;0.5;14391
200;0.5;14783
200;0.5;14492
200;0.5;14629
200;0.5;14258
200;0.75;19791
200;0.75;19386
200;0.75;18753
200;0.75;19060
200;0.75;20298
200;0.75;20184
200;0.75;19499
200;0.75;18955
200;0.75;19607
200;0.75;18863
200;0.75;18808
200;0.75;19101
200;0.75;18899
200;0.75;18950
200;0.75;19723
200;0.75;19743
200;0.75;21798
200;0.75;19734
200;0.75;19558
200;0.75;19350
200;0.75;19196
200;0.75;19801
200;0.75;19394
200;0.75;19772
200;0.75;19531
200;0.75;19432
200;0.75;19690
200;0.75;19743
200;0.75;20501
200;0.75;19607
200;0.75;19519
200;0.75;19721
200;0.75;19819
200;0.75;19916
200;0.75;20437
200;0.75;19874
200;0.75;20056
200;0.75;19098
200;0.75;19585
200;0.75;20382
200;0.75;20452
200;0.75;20429
200;0.75;19377
200;0.75;19409
200;0.75;19136
200;0.75;18960
200;0.75;19454
200;0.75;19816
200;0.75;19498
200;0.75;19527
200;0.99;28788
200;0.99;28076
200;0.99;26779
200;0.99;27388
200;0.99;28671
200;0.99;28199
200;0.99;27252
200;0.99;28359
200;0.99;28121
200;0.99;27579
200;0.99;27879
200;0.99;27900
200;0.99;27973
200;0.99;27231
200;0.99;27179
200;0.99;30895
200;0.99;27161
200;0.99;29367
200;0.99;27508
200;0.99;27355
200;0.99;26678
200;0.99;28144
200;0.99;28656
200;0.99;27582
200;0.99;27998
200;0.99;27928
200;0.99;29231
200;0.99;29019
200;0.99;27402
200;0.99;26846
200;0.99;28311
200;0.99;27338
200;0.99;27562
200;0.99;27348
200;0.99;27817
200;0.99;27239
200;0.99;27611
200;0.99;27734
200;0.99;28103
200;0.99;29603
200;0.99;27663
200;0.99;27861
200;0.99;27722
200;0.99;27505
200;0.99;26828
200;0.99;28721
200;0.99;28113
200;0.99;27183
200;0.99;27924
200;0.99;27376
400;0.25;77338
400;0.25;78826
400;0.25;79634
400;0.25;78946
400;0.25;80018
400;0.25;79742
400;0.25;80504
400;0.25;78041
400;0.25;77432
400;0.25;79267
400;0.25;79702
400;0.25;80153
400;0.25;79522
400;0.25;77211
400;0.25;78436
400;0.25;77251
400;0.25;79271
400;0.25;80207
400;0.25;80248
400;0.25;77449
400;0.25;92405
400;0.25;80447
400;0.25;78684
400;0.25;76850
400;0.25;78235
400;0.25;76446
400;0.25;80347
400;0.25;81287
400;0.25;82335
400;0.25;80207
400;0.25;79978
400;0.25;81858
400;0.25;80054
400;0.25;77341
400;0.25;77747
400;0.25;79841
400;0.25;80288
400;0.25;77565
400;0.25;79443
400;0.25;79377
400;0.25;78089
400;0.25;79559
400;0.25;79613
400;0.25;77695
400;0.25;79003
400;0.25;79825
400;0.25;81867
400;0.25;80641
400;0.25;80912
400;0.25;80873
400;0.5;277471
400;0.5;301985
400;0.5;275956
400;0.5;280458
400;0.5;277091
400;0.5;278531
400;0.5;276786
400;0.5;280100
400;0.5;278717
400;0.5;280715
400;0.5;278660
400;0.5;279269
400;0.5;277802
400;0.5;274856
400;0.5;276101
400;0.5;281565
400;0.5;292054
400;0.5;278468
400;0.5;281034
400;0.5;280857
400;0.5;280032
400;0.5;278790
400;0.5;283833
400;0.5;275060
400;0.5;281759
400;0.5;278635
400;0.5;278198
400;0.5;289265
400;0.5;280551
400;0.5;273381
400;0.5;276022
400;0.5;279169
400;0.5;281498
400;0.5;277224
400;0.5;280307
400;0.5;273754
400;0.5;281858
400;0.5;279128
400;0.5;280956
400;0.5;281528
400;0.5;277779
400;0.5;275163
400;0.5;281502
400;0.5;278192
400;0.5;278569
400;0.5;279168
400;0.5;272133
400;0.5;276013
400;0.5;280730
400;0.5;273280
400;0.75;388537
400;0.75;381032
400;0.75;385462
400;0.75;392286
400;0.75;392012
400;0.75;390981
400;0.75;385461
400;0.75;387451
400;0.75;391094
400;0.75;391652
400;0.75;388916
400;0.75;392215
400;0.75;387818
400;0.75;385451
400;0.75;384000
400;0.75;389836
400;0.75;393900
400;0.75;390637
400;0.75;388145
400;0.75;385661
400;0.75;388754
400;0.75;389464
400;0.75;392004
400;0.75;392375
400;0.75;393780
400;0.75;388147
400;0.75;389950
400;0.75;386923
400;0.75;384455
400;0.75;391289
400;0.75;390737
400;0.75;382553
400;0.75;383655
400;0.75;391607
400;0.75;392063
400;0.75;390602
400;0.75;391903
400;0.75;389150
400;0.75;392113
400;0.75;388324
400;0.75;383747
400;0.75;382070
400;0.75;392573
400;0.75;390248
400;0.75;390674
400;0.75;383609
400;0.75;391583
400;0.75;394339
400;0.75;390512
400;0.75;392191
400;0.99;536165
400;0.99;540670
400;0.99;534171
400;0.99;537589
400;0.99;526664
400;0.99;536239
400;0.99;539416
400;0.99;537002
400;0.99;533960
400;0.99;536037
400;0.99;536495
400;0.99;534624
400;0.99;532922
400;0.99;534460
400;0.99;528418
400;0.99;539808
400;0.99;539320
400;0.99;532948
400;0.99;539764
400;0.99;546011
400;0.99;540122
400;0.99;529093
400;0.99;539662
400;0.99;531823
400;0.99;532479
400;0.99;536360
400;0.99;530549
400;0.99;534419
400;0.99;541372
400;0.99;541107
400;0.99;538417
400;0.99;533637
400;0.99;540691
400;0.99;541056
400;0.99;530504
400;0.99;540176
400;0.99;539841
400;0.99;538845
400;0.99;535060
400;0.99;538039
400;0.99;539538
400;0.99;541012
400;0.99;550692
400;0.99;532340
400;0.99;528778
400;0.99;541129
400;0.99;534452
400;0.99;532742
400;0.99;533064
400;0.99;538653
600;0.25;556782
600;0.25;558146
600;0.25;558471
600;0.25;556774
600;0.25;562167
600;0.25;558162
600;0.25;558504
600;0.25;555036
600;0.25;553648
600;0.25;557530
600;0.25;555972
600;0.25;552265
600;0.25;557793
600;0.25;563178
600;0.25;554790
600;0.25;563723
600;0.25;557929
600;0.25;555459
600;0.25;559707
600;0.25;556335
600;0.25;559390
600;0.25;559646
600;0.25;558649
600;0.25;557330
600;0.25;558125
600;0.25;557228
600;0.25;559551
600;0.25;558241
600;0.25;554876
600;0.25;555201
600;0.25;556834
600;0.25;554232
600;0.25;556155
600;0.25;555433
600;0.25;554662
600;0.25;559612
600;0.25;558048
600;0.25;555108
600;0.25;553327
600;0.25;561162
600;0.25;556819
600;0.25;552892
600;0.25;558273
600;0.25;557454
600;0.25;560358
600;0.25;556250
600;0.25;554359
600;0.25;558310
600;0.25;560452
600;0.25;554241
600;0.5;947137
600;0.5;954682
600;0.5;943109
600;0.5;936196
600;0.5;940716
600;0.5;937752
600;0.5;944541
600;0.5;934406
600;0.5;952594
600;0.5;940268
600;0.5;962629
600;0.5;934362
600;0.5;931360
600;0.5;932828
600;0.5;931060
600;0.5;950426
600;0.5;946981
600;0.5;931097
600;0.5;932456
600;0.5;949811
600;0.5;936902
600;0.5;941207
600;0.5;939192
600;0.5;933841
600;0.5;947472
600;0.5;944962
600;0.5;931332
600;0.5;938261
600;0.5;951747
600;0.5;944739
600;0.5;934383
600;0.5;947952
600;0.5;940194
600;0.5;941717
600;0.5;935452
600;0.5;932438
600;0.5;961282
600;0.5;951915
600;0.5;947083
600;0.5;955346
600;0.5;944843
600;0.5;945922
600;0.5;934119
600;0.5;934790
600;0.5;929499
600;0.5;930058
600;0.5;955273
600;0.5;939109
600;0.5;941827
600;0.5;934610
600;0.75;1448196
600;0.75;1430644
600;0.75;1427680
600;0.75;1449774
600;0.75;1433161
600;0.75;1436764
600;0.75;1445342
600;0.75;1437185
600;0.75;1436146
600;0.75;1451989
600;0.75;1449923
600;0.75;1439714
600;0.75;1447510
600;0.75;1441605
600;0.75;1440504
600;0.75;1446639
600;0.75;1445638
600;0.75;1449317
600;0.75;1441481
600;0.75;1437577
600;0.75;1453179
600;0.75;1442922
600;0.75;1445750
600;0.75;1456056
600;0.75;1441869
600;0.75;1445527
600;0.75;1449195
600;0.75;1433105
600;0.75;1435436
600;0.75;1453278
600;0.75;1436288
600;0.75;1436131
600;0.75;1451139
600;0.75;1437355
600;0.75;1439585
600;0.75;1466548
600;0.75;1446206
600;0.75;1433378
600;0.75;1458595
600;0.75;1433991
600;0.75;1439830
600;0.75;1450666
600;0.75;1437092
600;0.75;1436102
600;0.75;1454321
600;0.75;1436192
600;0.75;1437170
600;0.75;1441102
600;0.75;1437736
600;0.75;1438411
600;0.99;1892987
600;0.99;1915456
600;0.99;1911656
600;0.99;1897834
600;0.99;1914611
600;0.99;1905485
600;0.99;1936536
600;0.99;1898873
600;0.99;1911226
600;0.99;1902345
600;0.99;1909545
600;0.99;1906117
600;0.99;1902556
600;0.99;1910385
600;0.99;1885695
600;0.99;1916489
600;0.99;1888379
600;0.99;1920928
600;0.99;1903106
600;0.99;1922760
600;0.99;1898477
600;0.99;1916557
600;0.99;1931153
600;0.99;1900045
600;0.99;1897175
600;0.99;1899330
600;0.99;1911246
600;0.99;1900008
600;0.99;1917183
600;0.99;1897087
600;0.99;1924444
600;0.99;1900037
600;0.99;1918431
600;0.99;1904959
600;0.99;1901514
600;0.99;1907610
600;0.99;1888141
600;0.99;1912478
600;0.99;1893802
600;0.99;1909012
600;0.99;1895300
600;0.99;1914775
600;0.99;1893849
600;0.99;1930097
600;0.99;1892783
600;0.99;1907785
600;0.99;1905149
600;0.99;1881199
600;0.99;1905626
600;0.99;1881248
800;0.25;1489319
800;0.25;1465773
800;0.25;1470060
800;0.25;1492578
800;0.25;1467288
800;0.25;1469913
800;0.25;1498514
800;0.25;1467274
800;0.25;1465865
800;0.25;1502432
800;0.25;1468221
800;0.25;1471018
800;0.25;1490308
800;0.25;1474990
800;0.25;1473149
800;0.25;1490844
800;0.25;1469182
800;0.25;1470157
800;0.25;1490450
800;0.25;1468675
800;0.25;1470561
800;0.25;1494348
800;0.25;1473547
800;0.25;1469824
800;0.25;1495323
800;0.25;1474643
800;0.25;1467081
800;0.25;1488798
800;0.25;1472513
800;0.25;1473899
800;0.25;1511724
800;0.25;1472855
800;0.25;1471103
800;0.25;1491373
800;0.25;1475278
800;0.25;1471426
800;0.25;1492870
800;0.25;1471850
800;0.25;1477209
800;0.25;1494242
800;0.25;1477979
800;0.25;1473632
800;0.25;1495547
800;0.25;1474276
800;0.25;1475243
800;0.25;1503127
800;0.25;1480236
800;0.25;1471854
800;0.25;1492928
800;0.25;1472516
800;0.5;2328101
800;0.5;2322918
800;0.5;2326220
800;0.5;2315367
800;0.5;2359332
800;0.5;2298690
800;0.5;2342792
800;0.5;2309971
800;0.5;2347238
800;0.5;2309666
800;0.5;2343475
800;0.5;2311672
800;0.5;2333012
800;0.5;2345959
800;0.5;2334117
800;0.5;2332474
800;0.5;2334894
800;0.5;2350395
800;0.5;2320142
800;0.5;2342530
800;0.5;2328295
800;0.5;2330958
800;0.5;2332626
800;0.5;2339465
800;0.5;2336082
800;0.5;2331274
800;0.5;2340220
800;0.5;2335418
800;0.5;2341608
800;0.5;2329322
800;0.5;2339196
800;0.5;2316015
800;0.5;2338564
800;0.5;2334032
800;0.5;2342078
800;0.5;2340715
800;0.5;2324371
800;0.5;2336294
800;0.5;2318600
800;0.5;2353650
800;0.5;2329895
800;0.5;2346431
800;0.5;2344170
800;0.5;2340853
800;0.5;2332698
800;0.5;2346226
800;0.5;2326977
800;0.5;2335175
800;0.5;2331308
800;0.5;2332470
800;0.75;3519993
800;0.75;3523395
800;0.75;3516486
800;0.75;3507645
800;0.75;3523893
800;0.75;3532669
800;0.75;3521915
800;0.75;3513354
800;0.75;3505073
800;0.75;3507790
800;0.75;3524588
800;0.75;3524245
800;0.75;3524074
800;0.75;3523710
800;0.75;3507165
800;0.75;3511265
800;0.75;3517989
800;0.75;3510639
800;0.75;3509564
800;0.75;3500958
800;0.75;3497329
800;0.75;3516638
800;0.75;3513969
800;0.75;3527071
800;0.75;3516788
800;0.75;3490084
800;0.75;3500527
800;0.75;3511032
800;0.75;3513646
800;0.75;3517489
800;0.75;3500681
800;0.75;3500655
800;0.75;3496061
800;0.75;3498701
800;0.75;3506370
800;0.75;3494298
800;0.75;3489792
800;0.75;3514892
800;0.75;3498184
800;0.75;3505737
800;0.75;3509669
800;0.75;3527093
800;0.75;3540301
800;0.75;3500987
800;0.75;3501267
800;0.75;3492211
800;0.75;3502414
800;0.75;3521060
800;0.75;3493831
800;0.75;3517337
800;0.99;6322081
800;0.99;6311043
800;0.99;6313522
800;0.99;6317366
800;0.99;6309529
800;0.99;6319715
800;0.99;6309696
800;0.99;6310471
800;0.99;6306590
800;0.99;6295322
800;0.99;6312197
800;0.99;6308819
800;0.99;6297708
800;0.99;6308971
800;0.99;6319565
800;0.99;6332543
800;0.99;6340021
800;0.99;6331265
800;0.99;6345347
800;0.99;6333859
800;0.99;6317952
800;0.99;6334606
800;0.99;6337402
800;0.99;6356462
800;0.99;6363100
800;0.99;6350148
800;0.99;6366859
800;0.99;6359869
800;0.99;6354414
800;0.99;6366416
800;0.99;6366565
800;0.99;6356703
800;0.99;6364463
800;0.99;6381752
800;0.99;6392149
800;0.99;6372887
800;0.99;6366954
800;0.99;6360751
800;0.99;6368843
800;0.99;6360155
800;0.99;6360877
800;0.99;6344461
800;0.99;6351187
800;0.99;6351859
800;0.99;6342183
800;0.99;6366683
800;0.99;6352273
800;0.99;6344616
800;0.99;6326757
800;0.99;6333488
1000;0.25;2256329
1000;0.25;2243708
1000;0.25;2266901
1000;0.25;2239153
1000;0.25;2256017
1000;0.25;2246148
1000;0.25;2247578
1000;0.25;2245386
1000;0.25;2248472
1000;0.25;2242324
1000;0.25;2253301
1000;0.25;2234346
1000;0.25;2259844
1000;0.25;2243062
1000;0.25;2248461
1000;0.25;2235682
1000;0.25;2244113
1000;0.25;2242079
1000;0.25;2246360
1000;0.25;2243903
1000;0.25;2231973
1000;0.25;2250295
1000;0.25;2244196
1000;0.25;2245254
1000;0.25;2241126
1000;0.25;2262750
1000;0.25;2237878
1000;0.25;2249928
1000;0.25;2241600
1000;0.25;2249943
1000;0.25;2229727
1000;0.25;2264322
1000;0.25;2243313
1000;0.25;2247921
1000;0.25;2224510
1000;0.25;2249148
1000;0.25;2240349
1000;0.25;2247142
1000;0.25;2233378
1000;0.25;2254863
1000;0.25;2234035
1000;0.25;2249638
1000;0.25;2245625
1000;0.25;2257380
1000;0.25;2236636
1000;0.25;2247172
1000;0.25;2241315
1000;0.25;2245293
1000;0.25;2241014
1000;0.25;2244179
1000;0.5;4574035
1000;0.5;4581606
1000;0.5;4576677
1000;0.5;4565228
1000;0.5;4575474
1000;0.5;4578291
1000;0.5;4573663
1000;0.5;4577811
1000;0.5;4577729
1000;0.5;4568870
1000;0.5;4582129
1000;0.5;4577931
1000;0.5;4574111
1000;0.5;4580736
1000;0.5;4577732
1000;0.5;4583715
1000;0.5;4577929
1000;0.5;4577989
1000;0.5;4584773
1000;0.5;4585617
1000;0.5;4581271
1000;0.5;4584730
1000;0.5;4583950
1000;0.5;4576689
1000;0.5;4575081
1000;0.5;4582754
1000;0.5;4577604
1000;0.5;4583910
1000;0.5;4576573
1000;0.5;4594284
1000;0.5;4595076
1000;0.5;4598304
1000;0.5;4600481
1000;0.5;4587423
1000;0.5;4589958
1000;0.5;4597369
1000;0.5;4591976
1000;0.5;4592451
1000;0.5;4601945
1000;0.5;4597293
1000;0.5;4608415
1000;0.5;4594588
1000;0.5;4599340
1000;0.5;4599917
1000;0.5;4598666
1000;0.5;4598713
1000;0.5;4603668
1000;0.5;4612098
1000;0.5;4595956
1000;0.5;4601345
1000;0.75;9494062
1000;0.75;9478663
1000;0.75;9471355
1000;0.75;9476649
1000;0.75;9486779
1000;0.75;9474637
1000;0.75;9439058
1000;0.75;9442321
1000;0.75;9525114
1000;0.75;9456101
1000;0.75;9435798
1000;0.75;9419100
1000;0.75;9410612
1000;0.75;9409022
1000;0.75;9402780
1000;0.75;9408127
1000;0.75;9427068
1000;0.75;9430767
1000;0.75;9411620
1000;0.75;9405099
1000;0.75;9412505
1000;0.75;9419514
1000;0.75;9407430
1000;0.75;9431328
1000;0.75;9414144
1000;0.75;9426365
1000;0.75;9398053
1000;0.75;9398398
1000;0.75;9399819
1000;0.75;9444903
1000;0.75;9441427
1000;0.75;9422661
1000;0.75;9445358
1000;0.75;9433070
1000;0.75;9463819
1000;0.75;9487609
1000;0.75;9496290
1000;0.75;9479522
1000;0.75;9519350
1000;0.75;9492603
1000;0.75;9505959
1000;0.75;9532109
1000;0.75;9499864
1000;0.75;9502337
1000;0.75;9500382
1000;0.75;9503787
1000;0.75;9492409
1000;0.75;9467431
1000;0.75;9478859
1000;0.75;9477569
1000;0.99;12615000
1000;0.99;12539248
1000;0.99;12534000
1000;0.99;12524461
1000;0.99;12535568
1000;0.99;12486374
1000;0.99;12481721
1000;0.99;12478393
1000;0.99;12495243
1000;0.99;12485586
1000;0.99;12520043
1000;0.99;12502164
1000;0.99;12494590
1000;0.99;12507309
1000;0.99;12504490
1000;0.99;12507587
1000;0.99;12495372
1000;0.99;12497864
1000;0.99;12548510
1000;0.99;12559011
1000;0.99;12560956
1000;0.99;12520463
1000;0.99;12600136
1000;0.99;12594898
1000;0.99;12625398
1000;0.99;12600697
1000;0.99;12609796
1000;0.99;12611877
1000;0.99;12627492
1000;0.99;12609812
1000;0.99;12607919
1000;0.99;12613317
1000;0.99;12613643
1000;0.99;12626258
1000;0.99;12597692
1000;0.99;12610007
1000;0.99;12536812
1000;0.99;12529464
1000;0.99;12520565
1000;0.99;12495987
1000;0.99;12486180
1000;0.99;12475713
1000;0.99;12476425
1000;0.99;12487258
1000;0.99;12495359
1000;0.99;12503451
1000;0.99;12513958
1000;0.99;12486023
1000;0.99;12490057
1000;0.99;12488689
1200;0.25;3928486
1200;0.25;3931292
1200;0.25;3918171
1200;0.25;3937911
1200;0.25;3932932
1200;0.25;3934881
1200;0.25;3929276
1200;0.25;3934045
1200;0.25;3936698
1200;0.25;3937032
1200;0.25;3943872
1200;0.25;3931705
1200;0.25;3944373
1200;0.25;3930030
1200;0.25;3947427
1200;0.25;3931798
1200;0.25;3933545
1200;0.25;3933193
1200;0.25;3945617
1200;0.25;3955317
1200;0.25;3967154
1200;0.25;3964495
1200;0.25;3966937
1200;0.25;3962076
1200;0.25;3950779
1200;0.25;3943074
1200;0.25;3927695
1200;0.25;3947500
1200;0.25;3956969
1200;0.25;3955618
1200;0.25;3955003
1200;0.25;3949233
1200;0.25;3954412
1200;0.25;3953351
1200;0.25;3955343
1200;0.25;3940809
1200;0.25;3929792
1200;0.25;3942913
1200;0.25;3958598
1200;0.25;3948967
1200;0.25;3963691
1200;0.25;3959701
1200;0.25;3955212
1200;0.25;3963593
1200;0.25;3952339
1200;0.25;3915798
1200;0.25;3943869
1200;0.25;3933987
1200;0.25;3940336
1200;0.25;3932205
1200;0.5;10939559
1200;0.5;10925159
1200;0.5;10930327
1200;0.5;10924132
1200;0.5;10920634
1200;0.5;10898276
1200;0.5;10908987
1200;0.5;10877971
1200;0.5;10855310
1200;0.5;10839830
1200;0.5;10852616
1200;0.5;10857646
1200;0.5;10856902
1200;0.5;10859785
1200;0.5;10858816
1200;0.5;10865819
1200;0.5;10885558
1200;0.5;10877376
1200;0.5;10856591
1200;0.5;10872341
1200;0.5;10851301
1200;0.5;10827310
1200;0.5;10841438
1200;0.5;10907210
1200;0.5;10893935
1200;0.5;10882034
1200;0.5;10895005
1200;0.5;10918537
1200;0.5;10995861
1200;0.5;10957057
1200;0.5;10955037
1200;0.5;10962296
1200;0.5;10960895
1200;0.5;10985941
1200;0.5;10981097
1200;0.5;10970547
1200;0.5;10977447
1200;0.5;10958014
1200;0.5;10964787
1200;0.5;10965998
1200;0.5;10944410
1200;0.5;10940846
1200;0.5;10935330
1200;0.5;10906462
1200;0.5;10926742
1200;0.5;10895021
1200;0.5;10882137
1200;0.5;10873761
1200;0.5;10857772
1200;0.5;10847353
1200;0.75;16347485
1200;0.75;16378548
1200;0.75;16375788
1200;0.75;16376441
1200;0.75;16388760
1200;0.75;16351710
1200;0.75;16375525
1200;0.75;16393965
1200;0.75;16429327
1200;0.75;16445021
1200;0.75;16445300
1200;0.75;16475856
1200;0.75;16555377
1200;0.75;16509883
1200;0.75;16548975
1200;0.75;16537253
1200;0.75;16558722
1200;0.75;16537234
1200;0.75;16520629
1200;0.75;16511161
1200;0.75;16542850
1200;0.75;16433745
1200;0.75;16449113
1200;0.75;16413929
1200;0.75;16412920
1200;0.75;16360812
1200;0.75;16362421
1200;0.75;16387687
1200;0.75;16352951
1200;0.75;16383141
1200;0.75;16397762
1200;0.75;16371290
1200;0.75;16371124
1200;0.75;16376069
1200;0.75;16411155
1200;0.75;16461598
1200;0.75;16420731
1200;0.75;16477550
1200;0.75;16518413
1200;0.75;16524963
1200;0.75;16537398
1200;0.75;16578036
1200;0.75;16540873
1200;0.75;16561471
1200;0.75;16511582
1200;0.75;16520821
1200;0.75;16512439
1200;0.75;16459733
1200;0.75;16426299
1200;0.75;16418087
1200;0.99;21690282
1200;0.99;21641719
1200;0.99;21664193
1200;0.99;21645674
1200;0.99;21695911
1200;0.99;21683594
1200;0.99;21697558
1200;0.99;21671092
1200;0.99;21795676
1200;0.99;21752185
1200;0.99;21863008
1200;0.99;21880729
1200;0.99;21876178
1200;0.99;21884261
1200;0.99;21913200
1200;0.99;21870528
1200;0.99;21835749
1200;0.99;21825581
1200;0.99;21742537
1200;0.99;21717945
1200;0.99;21642967
1200;0.99;21661340
1200;0.99;21669099
1200;0.99;21690178
1200;0.99;21676693
1200;0.99;21658701
1200;0.99;21650285
1200;0.99;21755570
1200;0.99;21880139
1200;0.99;21749746
1200;0.99;21896826
1200;0.99;21854676
1200;0.99;21872666
1200;0.99;21989989
1200;0.99;21949975
1200;0.99;21862211
1200;0.99;21849773
1200;0.99;21772133
1200;0.99;21709511
1200;0.99;21711611
1200;0.99;21649909
1200;0.99;21665277
1200;0.99;21678265
1200;0.99;21708094
1200;0.99;21668151
1200;0.99;21685915
1200;0.99;21687849
1200;0.99;21807839
1200;0.99;21776967
1200;0.99;21806104
1400;0.25;6437515
1400;0.25;6423228
1400;0.25;6414459
1400;0.25;6416538
1400;0.25;6422604
1400;0.25;6420253
1400;0.25;6450943
1400;0.25;6453974
1400;0.25;6435339
1400;0.25;6433581
1400;0.25;6431224
1400;0.25;6434179
1400;0.25;6432011
1400;0.25;6440427
1400;0.25;6443227
1400;0.25;6446093
1400;0.25;6448491
1400;0.25;6459293
1400;0.25;6466635
1400;0.25;6442757
1400;0.25;6442989
1400;0.25;6457614
1400;0.25;6406161
1400;0.25;6404459
1400;0.25;6429779
1400;0.25;6402725
1400;0.25;6422779
1400;0.25;6411712
1400;0.25;6429707
1400;0.25;6414643
1400;0.25;6388912
1400;0.25;6392382
1400;0.25;6371850
1400;0.25;6388112
1400;0.25;6387902
1400;0.25;6410759
1400;0.25;6396356
1400;0.25;6391291
1400;0.25;6390087
1400;0.25;6382774
1400;0.25;6386896
1400;0.25;6397376
1400;0.25;6400408
1400;0.25;6381612
1400;0.25;6384651
1400;0.25;6394586
1400;0.25;6390120
1400;0.25;6401606
1400;0.25;6440574
1400;0.25;6408223
1400;0.5;17459406
1400;0.5;17471972
1400;0.5;17540181
1400;0.5;17555938
1400;0.5;17523500
1400;0.5;17595420
1400;0.5;17634946
1400;0.5;17602891
1400;0.5;17660731
1400;0.5;17636210
1400;0.5;17672378
1400;0.5;17597845
1400;0.5;17598971
1400;0.5;17594427
1400;0.5;17563028
1400;0.5;17529238
1400;0.5;17519612
1400;0.5;17478503
1400;0.5;17443374
1400;0.5;17481019
1400;0.5;17449666
1400;0.5;17461569
1400;0.5;17458981
1400;0.5;17471405
1400;0.5;17476843
1400;0.5;17416577
1400;0.5;17499305
1400;0.5;17567239
1400;0.5;17518061
1400;0.5;17589198
1400;0.5;17604183
1400;0.5;17636828
1400;0.5;17619654
1400;0.5;17659984
1400;0.5;17652909
1400;0.5;17635262
1400;0.5;17591927
1400;0.5;17611405
1400;0.5;17568752
1400;0.5;17545367
1400;0.5;17479238
1400;0.5;17515504
1400;0.5;17465574
1400;0.5;17425874
1400;0.5;17452948
1400;0.5;17496008
1400;0.5;17457886
1400;0.5;17468367
1400;0.5;17501128
1400;0.5;17454269
1400;0.75;26245219
1400;0.75;26299859
1400;0.75;26322869
1400;0.75;26493641
1400;0.75;26447467
1400;0.75;26534852
1400;0.75;26500207
1400;0.75;26401517
1400;0.75;26434639
1400;0.75;26311801
1400;0.75;26307091
1400;0.75;26217204
1400;0.75;26185913
1400;0.75;26247823
1400;0.75;26246888
1400;0.75;26213348
1400;0.75;26174573
1400;0.75;26354535
1400;0.75;26303643
1400;0.75;26436958
1400;0.75;26510743
1400;0.75;26493640
1400;0.75;26461544
1400;0.75;26474747
1400;0.75;26404993
1400;0.75;26358435
1400;0.75;26260978
1400;0.75;26245156
1400;0.75;26287666
1400;0.75;26245259
1400;0.75;26262643
1400;0.75;26270343
1400;0.75;26191283
1400;0.75;26309710
1400;0.75;27204657
1400;0.75;26321589
1400;0.75;26382876
1400;0.75;26381113
1400;0.75;26440568
1400;0.75;26395597
1400;0.75;26437543
1400;0.75;26312819
1400;0.75;26284187
1400;0.75;26300532
1400;0.75;26168605
1400;0.75;26187448
1400;0.75;26214563
1400;0.75;26233613
1400;0.75;26181856
1400;0.75;26240612
1400;0.99;34902085
1400;0.99;34927733
1400;0.99;34984060
1400;0.99;35102047
1400;0.99;34998017
1400;0.99;35026538
1400;0.99;34950982
1400;0.99;34787667
1400;0.99;34760964
1400;0.99;34809276
1400;0.99;34730860
1400;0.99;34874156
1400;0.99;34821271
1400;0.99;34927500
1400;0.99;34963489
1400;0.99;35025538
1400;0.99;35097420
1400;0.99;35053607
1400;0.99;34911040
1400;0.99;34828315
1400;0.99;34659922
1400;0.99;34750913
1400;0.99;34781155
1400;0.99;34787377
1400;0.99;34892185
1400;0.99;34856935
1400;0.99;34969042
1400;0.99;35071344
1400;0.99;35024426
1400;0.99;35051778
1400;0.99;34942850
1400;0.99;34850219
1400;0.99;34749461
1400;0.99;34807984
1400;0.99;34747996
1400;0.99;34696656
1400;0.99;34799740
1400;0.99;34813400
1400;0.99;35047268
1400;0.99;34988856
1400;0.99;35050776
1400;0.99;35054341
1400;0.99;34999681
1400;0.99;34872641
1400;0.99;34740352
1400;0.99;34715375
1400;0.99;34731430
1400;0.99;34742528
1400;0.99;34787776
1400;0.99;34866021
1600;0.25;13037322
1600;0.25;13065386
1600;0.25;13063173
1600;0.25;13094620
1600;0.25;13051466
1600;0.25;13105107
1600;0.25;13090651
1600;0.25;13073295
1600;0.25;13086233
1600;0.25;13028336
1600;0.25;13032852
1600;0.25;13040898
1600;0.25;13049727
1600;0.25;13015163
1600;0.25;13004575
1600;0.25;13035139
1600;0.25;12987605
1600;0.25;12976661
1600;0.25;12959123
1600;0.25;12977997
1600;0.25;12966471
1600;0.25;12965689
1600;0.25;12984860
1600;0.25;12986118
1600;0.25;12985659
1600;0.25;12965500
1600;0.25;12925282
1600;0.25;12958231
1600;0.25;12975487
1600;0.25;12922366
1600;0.25;13004506
1600;0.25;12964472
1600;0.25;13006887
1600;0.25;12975323
1600;0.25;13038353
1600;0.25;13054019
1600;0.25;13055520
1600;0.25;13054172
1600;0.25;13122518
1600;0.25;13092765
1600;0.25;13061711
1600;0.25;13092936
1600;0.25;13071696
1600;0.25;13028857
1600;0.25;13038540
1600;0.25;13046688
1600;0.25;13030986
1600;0.25;13034610
1600;0.25;13034790
1600;0.25;12972958
1600;0.5;26153446
1600;0.5;26101281
1600;0.5;26091320
1600;0.5;26121127
1600;0.5;26126669
1600;0.5;26111542
1600;0.5;26154089
1600;0.5;26170458
1600;0.5;26175661
1600;0.5;26312292
1600;0.5;26338527
1600;0.5;26392431
1600;0.5;26382333
1600;0.5;26347608
1600;0.5;26308170
1600;0.5;26185201
1600;0.5;26181984
1600;0.5;26146684
1600;0.5;26129247
1600;0.5;26143991
1600;0.5;26129391
1600;0.5;26162024
1600;0.5;26095651
1600;0.5;26165609
1600;0.5;26147503
1600;0.5;26215654
1600;0.5;26271206
1600;0.5;26291664
1600;0.5;26311460
1600;0.5;26307421
1600;0.5;26302722
1600;0.5;26279775
1600;0.5;26198941
1600;0.5;26151221
1600;0.5;26094697
1600;0.5;26085183
1600;0.5;26091239
1600;0.5;26158949
1600;0.5;26132548
1600;0.5;26116954
1600;0.5;26296153
1600;0.5;26188381
1600;0.5;26308767
1600;0.5;26337574
1600;0.5;26378993
1600;0.5;26366772
1600;0.5;26284702
1600;0.5;26288924
1600;0.5;26233712
1600;0.5;26161730
1600;0.75;39364596
1600;0.75;39430491
1600;0.75;39533639
1600;0.75;39348494
1600;0.75;39622004
1600;0.75;39617792
1600;0.75;39662737
1600;0.75;39825213
1600;0.75;39799382
1600;0.75;39712055
1600;0.75;39531134
1600;0.75;39343284
1600;0.75;39350674
1600;0.75;39468677
1600;0.75;39441816
1600;0.75;39618237
1600;0.75;39597742
1600;0.75;39666423
1600;0.75;39764390
1600;0.75;39765703
1600;0.75;39706324
1600;0.75;39507827
1600;0.75;39359854
1600;0.75;39484784
1600;0.75;39446300
1600;0.75;39446829
1600;0.75;39571348
1600;0.75;39584424
1600;0.75;39683941
1600;0.75;39728716
1600;0.75;39710188
1600;0.75;39679528
1600;0.75;39517038
1600;0.75;39447475
1600;0.75;39470132
1600;0.75;39485507
1600;0.75;39463161
1600;0.75;39562180
1600;0.75;39651761
1600;0.75;39645344
1600;0.75;39691233
1600;0.75;39693650
1600;0.75;39726446
1600;0.75;39511245
1600;0.75;39455776
1600;0.75;39439840
1600;0.75;39453108
1600;0.75;39421425
1600;0.75;39509750
1600;0.75;39843665
1600;0.99;52801819
1600;0.99;52837888
1600;0.99;52732596
1600;0.99;52392584
1600;0.99;52482303
1600;0.99;52409088
1600;0.99;52582267
1600;0.99;52505224
1600;0.99;52703555
1600;0.99;52809545
1600;0.99;52927921
1600;0.99;52536464
1600;0.99;52331656
1600;0.99;52413144
1600;0.99;52456569
1600;0.99;52591285
1600;0.99;52750496
1600;0.99;52760058
1600;0.99;52650287
1600;0.99;52520856
1600;0.99;52354830
1600;0.99;52386406
1600;0.99;52404075
1600;0.99;52499690
1600;0.99;52737757
1600;0.99;52827330
1600;0.99;52726715
1600;0.99;52529634
1600;0.99;52306572
1600;0.99;52374381
1600;0.99;52373232
1600;0.99;52660387
1600;0.99;52642660
1600;0.99;52780752
1600;0.99;52790673
1600;0.99;52681113
1600;0.99;52317172
1600;0.99;52458189
1600;0.99;52423035
1600;0.99;52493476
1600;0.99;52781442
1600;0.99;52817699
1600;0.99;52797228
1600;0.99;52569503
1600;0.99;52383019
1600;0.99;52467986
1600;0.99;52387406
1600;0.99;52495620
1600;0.99;52682857
1600;0.99;52778023
